0.000000 349 1 0
0.006536 348 2 0
0.021233 347 3 0
0.023055 346 4 0
0.027100 345 5 0
0.036991 344 6 0
0.040204 343 7 0
0.040365 342 8 0
0.049607 341 9 0
0.058462 340 10 0
0.060785 339 11 0
0.061074 338 12 0
0.068263 337 13 0
0.071532 336 14 0
0.072550 335 15 0
0.073263 334 16 0
0.073414 333 17 0
0.076994 332 18 0
0.084529 331 19 0
0.102687 330 20 0
0.106411 329 21 0
0.107129 328 22 0
0.107413 327 23 0
0.110407 326 24 0
0.113064 325 25 0
0.114466 324 26 0
0.115695 323 27 0
0.115862 322 28 0
0.115946 321 29 0
0.115971 320 30 0
0.116069 319 31 0
0.116465 318 32 0
0.117717 317 33 0
0.120791 316 34 0
0.122510 315 35 0
0.123285 314 36 0
0.123430 313 37 0
0.124307 312 38 0
0.124379 311 39 0
0.124824 310 40 0
0.124872 309 41 0
0.124957 308 42 0
0.125200 307 43 0
0.127877 306 44 0
0.128395 305 45 0
0.128723 304 46 0
0.130282 303 47 0
0.130353 302 48 0
0.130487 301 49 0
0.130857 300 50 0
0.131789 299 51 0
0.132035 298 52 0
0.132105 297 53 0
0.132302 296 54 0
0.132564 295 55 0
0.133276 294 56 0
0.133775 293 57 0
0.133881 292 58 0
0.137316 291 59 0
0.137566 290 60 0
0.137692 289 61 0
0.137710 288 62 0
0.137981 287 63 0
0.138571 286 64 0
0.139341 285 65 0
0.139357 284 66 0
0.140081 283 67 0
0.140104 282 68 0
0.140475 281 69 0
0.140587 280 70 0
0.141595 279 71 0
0.141621 278 72 0
0.142178 278 71 1
0.142323 277 72 1
0.142542 276 73 1
0.142855 275 74 1
0.143100 274 75 1
0.143846 273 76 1
0.144825 272 77 1
0.145323 271 78 1
0.145374 270 79 1
0.145516 269 80 1
0.146367 268 81 1
0.147893 267 82 1
0.148035 266 83 1
0.148514 265 84 1
0.148536 264 85 1
0.149019 263 86 1
0.149616 262 87 1
0.150181 261 88 1
0.150404 260 89 1
0.150868 259 90 1
0.151026 258 91 1
0.151970 257 92 1
0.152210 256 93 1
0.153153 255 94 1
0.153309 254 95 1
0.153563 253 96 1
0.153564 252 97 1
0.153904 251 98 1
0.154357 250 99 1
0.154455 249 100 1
0.154822 248 101 1
0.154980 247 102 1
0.155587 246 103 1
0.157116 245 104 1
0.157296 244 105 1
0.157547 243 106 1
0.157598 242 107 1
0.157982 241 108 1
0.158401 240 109 1
0.158443 239 110 1
0.158627 238 111 1
0.159160 237 112 1
0.159451 236 113 1
0.159622 235 114 1
0.159706 234 115 1
0.160188 233 116 1
0.160311 232 117 1
0.161020 231 118 1
0.161340 230 119 1
0.161366 229 120 1
0.161498 228 121 1
0.161751 227 122 1
0.161751 226 123 1
0.162407 225 124 1
0.162668 224 125 1
0.163425 223 126 1
0.163481 223 125 2
0.163512 222 126 2
0.163743 221 127 2
0.164324 220 128 2
0.164502 219 129 2
0.164768 218 130 2
0.165070 217 131 2
0.165400 216 132 2
0.166262 215 133 2
0.166620 214 134 2
0.166728 213 135 2
0.167704 212 136 2
0.167760 211 137 2
0.168348 210 138 2
0.168455 209 139 2
0.169055 208 140 2
0.169869 207 141 2
0.170216 206 142 2
0.170465 205 143 2
0.170701 204 144 2
0.170757 203 145 2
0.170767 202 146 2
0.170817 201 147 2
0.170873 200 148 2
0.171031 199 149 2
0.171295 198 150 2
0.171432 197 151 2
0.172736 196 152 2
0.172866 195 153 2
0.173347 194 154 2
0.173415 193 155 2
0.173832 192 156 2
0.173847 191 157 2
0.174390 190 158 2
0.174497 189 159 2
0.174743 188 160 2
0.174813 187 161 2
0.175027 186 162 2
0.175028 185 163 2
0.175090 184 164 2
0.175304 183 165 2
0.175431 182 166 2
0.175438 181 167 2
0.175578 180 168 2
0.176057 179 169 2
0.176195 178 170 2
0.176304 177 171 2
0.176561 176 172 2
0.177422 175 173 2
0.177654 174 174 2
0.177912 173 175 2
0.177970 172 176 2
0.178521 171 177 2
0.179034 170 178 2
0.179426 169 179 2
0.179478 168 180 2
0.179790 167 181 2
0.179888 166 182 2
0.180546 165 183 2
0.180724 164 184 2
0.180811 163 185 2
0.181282 162 186 2
0.181376 161 187 2
0.181536 160 188 2
0.181849 159 189 2
0.182081 158 190 2
0.182091 157 191 2
0.182261 156 192 2
0.182429 155 193 2
0.183329 154 194 2
0.183772 153 195 2
0.183908 152 196 2
0.184556 151 197 2
0.184715 150 198 2
0.185561 149 199 2
0.185852 148 200 2
0.186099 147 201 2
0.186157 146 202 2
0.186187 145 203 2
0.186415 144 204 2
0.188544 143 205 2
0.188549 142 206 2
0.189636 141 207 2
0.190099 140 208 2
0.190789 139 209 2
0.190792 138 210 2
0.192047 137 211 2
0.192154 136 212 2
0.192348 135 213 2
0.192819 134 214 2
0.193313 133 215 2
0.193791 132 216 2
0.193862 131 217 2
0.193953 130 218 2
0.194052 129 219 2
0.194093 128 220 2
0.194260 127 221 2
0.194421 126 222 2
0.195500 125 223 2
0.195591 124 224 2
0.196325 123 225 2
0.196606 122 226 2
0.196681 121 227 2
0.196811 120 228 2
0.198047 119 229 2
0.198598 118 230 2
0.199318 117 231 2
0.199604 116 232 2
0.200305 115 233 2
0.200348 114 234 2
0.200353 114 233 3
0.200576 113 234 3
0.201280 112 235 3
0.203113 111 236 3
0.203430 110 237 3
0.204431 109 238 3
0.204518 108 239 3
0.204858 107 240 3
0.204996 106 241 3
0.205339 105 242 3
0.205380 105 241 4
0.206077 104 242 4
0.206322 103 243 4
0.208726 102 244 4
0.208908 101 245 4
0.209861 100 246 4
0.209975 99 247 4
0.209994 98 248 4
0.210067 97 249 4
0.210361 96 250 4
0.210530 95 251 4
0.211159 94 252 4
0.211425 93 253 4
0.211715 92 254 4
0.212105 91 255 4
0.212476 90 256 4
0.213053 89 257 4
0.213213 88 258 4
0.213248 87 259 4
0.214092 87 258 5
0.214454 86 259 5
0.214499 85 260 5
0.214519 84 261 5
0.214813 83 262 5
0.215190 82 263 5
0.215842 81 264 5
0.216434 80 265 5
0.216480 79 266 5
0.216711 78 267 5
0.216734 78 266 6
0.217081 77 267 6
0.218040 77 266 7
0.218807 76 267 7
0.219368 75 268 7
0.219534 74 269 7
0.219731 73 270 7
0.219872 72 271 7
0.220380 71 272 7
0.220495 70 273 7
0.220843 69 274 7
0.220855 68 275 7
0.221046 67 276 7
0.221132 66 277 7
0.221626 65 278 7
0.221633 64 279 7
0.221993 63 280 7
0.222571 62 281 7
0.224733 61 282 7
0.225160 60 283 7
0.225223 59 284 7
0.225298 58 285 7
0.225448 57 286 7
0.226034 57 285 8
0.227506 56 286 8
0.227738 55 287 8
0.227848 54 288 8
0.228338 53 289 8
0.228547 52 290 8
0.229407 51 291 8
0.229770 51 290 9
0.232411 50 291 9
0.233380 49 292 9
0.233663 48 293 9
0.233787 47 294 9
0.234237 46 295 9
0.234329 45 296 9
0.234495 44 297 9
0.235052 43 298 9
0.235609 42 299 9
0.236187 41 300 9
0.237321 40 301 9
0.238896 39 302 9
0.240268 38 303 9
0.240488 37 304 9
0.240789 36 305 9
0.241154 35 306 9
0.241750 34 307 9
0.241885 33 308 9
0.242505 32 309 9
0.242695 31 310 9
0.242799 30 311 9
0.242988 29 312 9
0.243202 28 313 9
0.244361 28 312 10
0.245024 27 313 10
0.245321 26 314 10
0.245479 25 315 10
0.247835 25 314 11
0.249311 24 315 11
0.250118 23 316 11
0.251346 22 317 11
0.252865 21 318 11
0.256217 20 319 11
0.257018 19 320 11
0.260062 19 319 12
0.260644 19 318 13
0.260711 18 319 13
0.260971 18 318 14
0.264327 17 319 14
0.266750 16 320 14
0.270287 16 319 15
0.270965 15 320 15
0.273193 15 319 16
0.273738 15 318 17
0.274600 14 319 17
0.276703 14 318 18
0.280633 13 319 18
0.282988 12 320 18
0.284253 12 319 19
0.285140 11 320 19
0.285432 10 321 19
0.288777 9 322 19
0.290887 9 321 20
0.291711 8 322 20
0.292876 7 323 20
0.295615 7 322 21
0.298456 6 323 21
0.302412 6 322 22
0.302564 5 323 22
0.304274 4 324 22
0.315724 3 325 22
0.319654 3 324 23
0.319912 3 323 24
0.332313 2 324 24
0.336029 2 323 25
0.339776 2 322 26
0.349680 2 321 27
0.360642 1 322 27
0.361197 1 321 28
0.367502 1 320 29
0.367902 1 319 30
0.376680 1 318 31
0.382343 1 317 32
0.382465 1 316 33
0.404310 1 315 34
0.406117 0 316 34
0.409748 0 315 35
0.410748 0 314 36
0.419691 0 313 37
0.425726 0 312 38
0.437529 0 311 39
0.439904 0 310 40
0.439952 0 309 41
0.443692 0 308 42
0.465318 0 307 43
0.470555 0 306 44
0.470703 0 305 45
0.477067 0 304 46
0.478029 0 303 47
0.483529 0 302 48
0.487184 0 301 49
0.502051 0 300 50
0.522912 0 299 51
0.544254 0 298 52
0.545569 0 297 53
0.560163 0 296 54
0.569617 0 295 55
0.573503 0 294 56
0.574691 0 293 57
0.575502 0 292 58
0.578300 0 291 59
0.585957 0 290 60
0.592892 0 289 61
0.594858 0 288 62
0.595689 0 287 63
0.606781 0 286 64
0.622757 0 285 65
0.631868 0 284 66
0.632380 0 283 67
0.636091 0 282 68
0.639865 0 281 69
0.642828 0 280 70
0.643177 0 279 71
0.644297 0 278 72
0.644634 0 277 73
0.663546 0 276 74
0.671012 0 275 75
0.672841 0 274 76
0.688973 0 273 77
0.689361 0 272 78
0.690263 0 271 79
0.691632 0 270 80
0.693327 0 269 81
0.693370 0 268 82
0.694310 0 267 83
0.696783 0 266 84
0.704745 0 265 85
0.706394 0 264 86
0.750806 0 263 87
0.756494 0 262 88
0.757252 0 261 89
0.760278 0 260 90
0.763339 0 259 91
0.768204 0 258 92
0.773597 0 257 93
0.777890 0 256 94
0.794614 0 255 95
0.800786 0 254 96
0.802351 0 253 97
0.803880 0 252 98
0.805289 0 251 99
0.825978 0 250 100
0.837418 0 249 101
0.875011 0 248 102
0.899481 0 247 103
0.901405 0 246 104
0.915017 0 245 105
0.931471 0 244 106
0.957606 0 243 107
0.964381 0 242 108
0.967593 0 241 109
0.990247 0 240 110
0.991384 0 239 111
0.993641 0 238 112
0.996069 0 237 113
1.004219 0 236 114
1.008535 0 235 115
1.009396 0 234 116
1.012349 0 233 117
1.046057 0 232 118
1.054604 0 231 119
1.061350 0 230 120
1.106229 0 229 121
1.109766 0 228 122
1.123778 0 227 123
1.131736 0 226 124
1.141664 0 225 125
1.145823 0 224 126
1.159278 0 223 127
1.159593 0 222 128
1.192450 0 221 129
1.193996 0 220 130
1.204441 0 219 131
1.217332 0 218 132
1.223983 0 217 133
1.227212 0 216 134
1.242954 0 215 135
1.250770 0 214 136
1.251502 0 213 137
1.255695 0 212 138
1.255956 0 211 139
1.264482 0 210 140
1.268070 0 209 141
1.286451 0 208 142
1.295171 0 207 143
1.295782 0 206 144
1.310661 0 205 145
1.314741 0 204 146
1.331121 0 203 147
1.334136 0 202 148
1.357819 0 201 149
1.359373 0 200 150
1.406007 0 199 151
1.425913 0 198 152
1.437431 0 197 153
1.442568 0 196 154
1.444507 0 195 155
1.446642 0 194 156
1.449069 0 193 157
1.452620 0 192 158
1.467229 0 191 159
1.469955 0 190 160
1.475520 0 189 161
1.478121 0 188 162
1.483201 0 187 163
1.516245 0 186 164
1.521495 0 185 165
1.530915 0 184 166
1.541357 0 183 167
1.544467 0 182 168
1.545105 0 181 169
1.567837 0 180 170
1.572375 0 179 171
1.595157 0 178 172
1.597913 0 177 173
1.606574 0 176 174
1.610498 0 175 175
1.611557 0 174 176
1.627445 0 173 177
1.637630 0 172 178
1.641289 0 171 179
1.647221 0 170 180
1.669944 0 169 181
1.670348 0 168 182
1.672683 0 167 183
1.680967 0 166 184
1.684033 0 165 185
1.692607 0 164 186
1.693992 0 163 187
1.700355 0 162 188
1.700390 0 161 189
1.702703 0 160 190
1.706523 0 159 191
1.710302 0 158 192
1.735940 0 157 193
1.765156 0 156 194
1.766983 0 155 195
1.774428 0 154 196
1.783923 0 153 197
1.784004 0 152 198
1.791991 0 151 199
1.794621 0 150 200
1.842164 0 149 201
1.844408 0 148 202
1.854622 0 147 203
1.866922 0 146 204
1.870729 0 145 205
1.897402 0 144 206
1.903361 0 143 207
1.913268 0 142 208
1.933010 0 141 209
1.973417 0 140 210
1.995495 0 139 211
2.030052 0 138 212
2.043921 0 137 213
2.056424 0 136 214
2.093838 0 135 215
2.109469 0 134 216
2.110045 0 133 217
2.139875 0 132 218
2.149556 0 131 219
2.159079 0 130 220
2.193850 0 129 221
2.199763 0 128 222
2.201879 0 127 223
2.203980 0 126 224
2.207159 0 125 225
2.227419 0 124 226
2.234096 0 123 227
2.256897 0 122 228
2.282234 0 121 229
2.318925 0 120 230
2.336190 0 119 231
2.342718 0 118 232
2.361367 0 117 233
2.385344 0 116 234
2.388519 0 115 235
2.405406 0 114 236
2.411783 0 113 237
2.433088 0 112 238
2.448596 0 111 239
2.459879 0 110 240
2.487774 0 109 241
2.531056 0 108 242
2.555580 0 107 243
2.563017 0 106 244
2.572117 0 105 245
2.589977 0 104 246
2.598622 0 103 247
2.658284 0 102 248
2.697213 0 101 249
2.723103 0 100 250
2.755283 0 99 251
2.782712 0 98 252
2.789116 0 97 253
2.790188 0 96 254
2.830908 0 95 255
2.866409 0 94 256
2.866509 0 93 257
2.870142 0 92 258
2.872342 0 91 259
2.873489 0 90 260
2.885401 0 89 261
2.896543 0 88 262
2.923222 0 87 263
2.946000 0 86 264
2.961670 0 85 265
3.017663 0 84 266
3.115571 0 83 267
3.133560 0 82 268
3.144554 0 81 269
3.188884 0 80 270
3.210872 0 79 271
3.217671 0 78 272
3.230622 0 77 273
3.258951 0 76 274
3.279517 0 75 275
3.335332 0 74 276
3.362211 0 73 277
3.392653 0 72 278
3.426544 0 71 279
3.458135 0 70 280
3.491577 0 69 281
3.521564 0 68 282
3.582831 0 67 283
3.650861 0 66 284
3.677858 0 65 285
3.710807 0 64 286
3.747733 0 63 287
3.764647 0 62 288
3.869400 0 61 289
3.870371 0 60 290
3.887232 0 59 291
3.919820 0 58 292
3.977691 0 57 293
4.035871 0 56 294
4.042455 0 55 295
4.042987 0 54 296
4.106076 0 53 297
4.109022 0 52 298
4.120770 0 51 299
4.170309 0 50 300
4.213951 0 49 301
4.258378 0 48 302
4.260528 0 47 303
4.378432 0 46 304
4.494466 0 45 305
4.616371 0 44 306
4.623030 0 43 307
4.674356 0 42 308
4.710730 0 41 309
4.713040 0 40 310
4.772555 0 39 311
4.775046 0 38 312
4.831257 0 37 313
4.879281 0 36 314
4.882891 0 35 315
4.991697 0 34 316
5.020422 0 33 317
5.181828 0 32 318
5.293687 0 31 319
5.334522 0 30 320
5.432237 0 29 321
5.520317 0 28 322
5.532278 0 27 323
5.545409 0 26 324
5.600014 0 25 325
5.686489 0 24 326
5.998386 0 23 327
6.158138 0 22 328
6.485822 0 21 329
6.738181 0 20 330
6.751366 0 19 331
7.145074 0 18 332
7.203419 0 17 333
7.480271 0 16 334
7.564566 0 15 335
7.575157 0 14 336
7.792403 0 13 337
7.936921 0 12 338
7.939419 0 11 339
8.374488 0 10 340
8.839214 0 9 341
8.904006 0 8 342
9.016386 0 7 343
9.930081 0 6 344
10.371939 0 5 345
10.420040 0 4 346
10.707093 0 3 347
13.315516 0 2 348
13.331666 0 1 349
13.735961 0 0 350